seeds: 3489262449 222250568 2315397239 327729713 1284963 12560465 1219676803 10003052 291763704 177898461 136674754 107182783 2917625223 260345082 1554280164 216251358 3900312676 5629667 494259693 397354410

seed-to-soil map:
0 262295201 34634737
910271444 3030771176 70771974
1897698334 3827766493 333942393
2835207376 3155028665 271883030
3622783763 1954868220 45665001
413310490 329609945 44648194
4240712808 2423731337 1828518
1316121579 1728110187 80499681
2250966941 2228145658 118984728
2516210021 2142630093 85515565
1864536239 3101543150 33162095
34634737 296929938 32680007
329609945 374258139 83700545
3329626425 2142012590 617503
2601725586 1531355997 196754190
3709721314 2000533221 47790630
3583007889 3526843691 39775874
4060705901 1494770107 36585890
3330243928 2694462608 4855344
3668448764 1219440337 41272550
3872593248 2347130386 76600951
67314744 0 262295201
1396621260 4161708886 65683132
3549978104 3678131267 33029785
3949194199 3566619565 111511702
1482627812 2425559855 249576539
3757511944 4236759076 58208220
875524978 2831649840 34746466
4242541326 4227392018 9367058
3107090406 1260712887 107855696
4097291791 2887350159 143421017
4251908384 3483784779 43058912
981043418 749361185 218472720
749361185 1368568583 126163793
3335099272 1004561505 214878832
2798479776 967833905 36727600
3214946102 1494732376 37731
3308672572 2866396306 20953853
2369951669 1808609868 146258352
1199516138 3711161052 116605441
1732204351 2699317952 132331888
3214983833 2048323851 93688739
1462304392 3134705245 20323420
3815720164 3426911695 56873084
2231640727 2675136394 19326214

soil-to-fertilizer map:
1819561283 2841304997 237877444
4006405251 2649445491 24162567
212683490 0 763350919
1389184545 2619909475 29536016
1221487606 2673608058 167696939
3182207211 2119363521 157025339
2057563716 1221487606 435495557
976034409 1008691842 1136514
2493059273 3079182441 511127728
3339232550 1835003373 284360148
3623592698 3912154743 382812553
3004187001 1656983163 178020210
977170923 987370593 21321249
58558242 763350919 154125248
998492172 976034409 11336184
4030567818 2276513849 264399478
0 917476167 58558242
2057438727 2276388860 124989
1418720561 2540913327 78996148
1497716709 3590310169 321844574
